function h = hessian1(x)

e11 = 2*x(2)^6+2*x(2)^4-4*x(2)^3-2*x(2)^2-4*x(2)+6;
e12 = 12*x(1)*x(2)^5+8*x(1)*x(2)^3+15.75*x(2)^2-12*x(1)*x(2)^2+9*x(2)-4*x(1)*x(2)+3-4*x(1);

e21 = 12*x(2)^5*x(1)+8*x(2)^3*x(1)-12*x(2)^2*x(1)-4*x(2)*x(1)-4*x(1)+15.75*x(2)^2+9*x(2)+3;
e22 = 30*x(1)^2*x(2)^4+12*x(1)^2*x(2)^2-12*x(1)^2*x(2)-2*x(1)^2+31.5*x(1)*x(2)+9*x(1);

h = [e11 e12; e21 e22];
